依照下面的思路， 帮我组织和生成面向领导汇报的PPT内容素材。 （仅仅是内容文章，暂时不需要生成PPT）

思路如下：
1. 解释MVO是什么，理论支撑、规则、需要什么数据、数据格式是什么样子、从哪儿获取
2. 模型的策略，LLM用MVO的处理逻辑、需要什么数据
3. 这样做能解决什么问题
4. 举例：MVO能做什么


# 1. 解释MVO是什么，
## 理论支撑、规则、需要什么数据
(我刚才上传的csv)

# 2. 数据格式是什么样子
## 从哪儿获取
## 怎么处理

# 3.LLM用MVO的处理逻辑
需要什么数据 （我刚才写的system prompt）

````
你是平安银行「智能投顾3.0项目组」的投资决策专家，具备金融分析、量化研究与理财规划能力。你的任务是运用均值-方差资产配置模型，为该客户定制化生成1套可执行的资产配置方案。

## 资产类别（按顺序）
CASH, BOND, EQUITY, COMMODITY

## 客户画像
- 人生阶段 (life_stage): 子女成年
- 风险等级 (risk_level): C3
- 投资需求 (need): 传承

当前需求「传承」的收益目标：5%

## 计算约束（必须满足）
根据 V3 规则，以下约束必须严格满足：

1. **现金下限**: w_cash >= 10%
2. **风险资产上限**: (w_equity + w_commodity) <= 51%
3. **组合波动率上限**: 年化波动率 ann_vol <= 0.15 (即 15.00%)

## 市场数据

## 各资产风险收益特征

| 资产 | 期望收益 | 年化波动率 | 风险定位 |
|------|---------|-----------|---------|
| CASH | 2.44% | 0.32% | 无风险 |
| BOND | 4.00% | 2.05% | 低风险，高夏普 |
| EQUITY | 13.02% | 26.13% | 高风险高收益 |
| COMMODITY | 7.79% | 9.72% | 中等风险 |

### 年化协方差矩阵 Σ (sigma_ann)
资产顺序: CASH, BOND, EQUITY, COMMODITY
```
  0.000010    0.000003    0.000091   -0.000085
  0.000003    0.000422   -0.000985   -0.000024
  0.000091   -0.000985    0.068279   -0.000274
 -0.000085   -0.000024   -0.000274    0.009452
```

### 相关性矩阵 ρ (仅供参考)
```
  1.0000    0.0462    0.1101   -0.2766
  0.0462    1.0000   -0.1835   -0.0120
  0.1101   -0.1835    1.0000   -0.0108
 -0.2766   -0.0120   -0.0108    1.0000
```
````

## 4.这样做能解决什么问题
对齐模型的条件概率空间理论
“先逆向工程角色 + 准备经济数据与格式 + 再让模型输出”会显著更好

## MVO能做什么
SAA, 105套等


部份内容如下：
---
## 1. 问题概述：我们在解决什么？

给定四类资产（现金 CASH、债券 BOND、股票 EQUITY、商品 COMMODITY），我们需要为每一种"风险等级 + 人生阶段 + 理财需求"的组合，找到一组最优的资产配置比例。
---
## 1. 资产体系

### 1.1 四大资产类别（顺序固定）

| 序号 | 代码 | 含义 | 说明 |
|------|------|------|------|
| 0 | CASH | 现金 | 货币基金、活期存款等 |
| 1 | BOND | 债券 | 固收类资产 |
| 2 | EQUITY | 股票 | 权益类资产 |
| 3 | COMMODITY | 商品（另类） | 黄金 70% + 传统商品指数 30% |

其中 EQUITY 和 COMMODITY 合称**风险资产**。

### 1.2 年化期望收益率

| 资产 | 期望收益 | 数据来源 |
|------|---------|---------|
| CASH | 2.44% | SHIBOR 1周利率（2013-2025，月频，均值×12） |
| BOND | 4.00% | 10年期国债收益率（2013-2025，月频，均值×12） |
| EQUITY | 13.02% | 沪深300ETF/510300（2013-2025，月频，均值×12） |
| COMMODITY | 7.79% | 商品综合：黄金70%+工业30%（2013-2025，月频，均值×12） |

### 1.3 无风险利率

`rf = 1.4%`（即 0.014，用于计算夏普比率）。0.014 = 截至 2026 年 1 月末、过去 12 个月的「中债 1 年期国债收益率」月均值的平均，再写成小数并保留 4 位小数。

### 1.4 协方差矩阵

V3 使用以下年化协方差矩阵（已按 [CASH, BOND, EQUITY, COMMODITY] 顺序排列）：

|  | CASH | BOND | EQUITY | COMMODITY |
|--|------|------|--------|-----------|
| **CASH** | 0.000010 | 0.000003 | 0.000091 | -0.000085 |
| **BOND** | 0.000003 | 0.000422 | -0.000985 | -0.000024 |
| **EQUITY** | 0.000091 | -0.000985 | 0.068279 | -0.000274 |
| **COMMODITY** | -0.000085 | -0.000024 | -0.000274 | 0.009452 |

**各资产年化波动率**（从协方差矩阵对角线导出）：

| 资产 | 年化波动率 |
|------|-----------|
| CASH | 0.32% |
| BOND | 2.05% |
| EQUITY | 26.13% |
| COMMODITY | 9.72% |

**关键协方差特征**：
- **BOND–EQUITY** 协方差为负（约 -0.000985），股债分散化效应明显
- **EQUITY–COMMODITY** 协方差为负（约 -0.000274），股商混合可降低组合波动

---

## 2. 三维索引体系

每套 SAA 配置由三个维度唯一确定，共 5 × 7 × 3 = **105 套**。

### 2.1.1 风险厌恶系数 λ 详解

λ 控制了投资者对风险的敏感程度，体现在效用函数 `U(w) = w^T μ - 0.5 λ w^T Σ w` 中：

| 风险等级 | λ | 含义 |
|---------|------|------|
| C1（极保守） | 10.0 | 极度厌恶风险，宁愿少赚也不要波动 |
| C2（保守） | 6.5 | 较高的风险厌恶 |
| C3（稳健） | 4.2 | 平衡收益与风险 |
| C4（积极） | 2.7 | 愿意承受较多波动换取收益 |
| C5（激进） | 1.8 | 高收益优先，可接受大幅波动 |

λ 越大，优化器越倾向于分配更多资金到低波动资产（现金、债券）；λ 越小，越倾向于追求高收益资产（股票、商品）。

### 2.2 人生阶段（7 个）

按生命周期顺序排列：刚毕业 → 单身青年 → 二人世界 → 小孩学前 → 小孩成年前 → 子女成年 → 退休。

阶段越靠后，流动性需求越高、风险承受力越低。

### 2.3 理财需求（3 种）

| 需求 | 收益下限（Return Floor） | 定位 |
|------|------------------------|------|
| 保值 | 无（None） | 安全第一，不设收益硬门槛 |
| 传承 | 5%（可降级） | 稳步增长，代际传递 |
| 增值 | 7%（可降级） | 积极回报，财富增长 |

---

## 3. 核心优化：效用函数最大化

### 3.1 效用函数 U(w)

MVO（Mean-Variance Optimization）的经典效用函数为：

```
U(w) = w^T × μ  -  0.5 × λ × w^T × Σ × w
       ─────────     ───────────────────────
        期望收益            风险惩罚
```

这个函数体现了投资中最基本的权衡：**收益越高越好，但风险越大越差**。

---

# 数据来源

### 1. EQUITY（股票类）
- 沪深300ETF（510300）
  - **含分红再投资**
  - 更准确反映实际持有收益

### 2. COMMODITY（商品类）
- 黄金ETF（70%）+ 南华商品指数（30%）
  - 黄金：保值增值，避险属性
  - 工业商品：经济周期敏感
  - 合成公式：`r_commodity = 0.7 × r_gold + 0.3 × r_nhci`

### 3.CASH 优化
- SHIBOR 1周利率
  - **官方基准利率**，权威性高
  - 数据历史长（2006-10起，4824行）
  - 月度收益计算：`r_cash,m = (rate_m / 100) / 12`

#### BOND 优化
- 10年期国债收益率（久期近似法）
  - **中长端利率基准**，代表性强
  - 数据历史长（2000-01起，6014行，过滤后）
  - 月度收益计算：`r_bond,m = (y_m / 12) - D × Δy_m`
    - `y_m / 12`: 票息收入（年化收益率的月度分摊）
    - `- D × Δy_m`: 价格变化（久期效应，D=7）

---

# 数据格式
SHIBOR 1周利率
```csv
date,px,ticker,source
2026-01-22,1.497,SHIBOR_1W,akshare
2026-01-23,1.491,SHIBOR_1W,akshare
2026-01-26,1.543,SHIBOR_1W,akshare
2026-01-27,1.564,SHIBOR_1W,akshare
```

## COMMODITY（商品类）
南华商品指数
```csv
date,px,ticker,source
2026-01-24,943,NHCI,akshare
2026-01-25,943,NHCI,akshare
2026-01-26,952,NHCI,akshare
```

黄金ETF
```csv
date,px,ticker,source
2026-01-22,10.341,518880,akshare
2026-01-23,10.617,518880,akshare
2026-01-26,10.924,518880,akshare
2026-01-27,10.934,518880,akshare
```

## BOND
```csv
2026-01-22,1.8425,CN_BOND_10Y,akshare
2026-01-23,1.8298,CN_BOND_10Y,akshare
2026-01-26,1.8242,CN_BOND_10Y,akshare
2026-01-27,1.8311,CN_BOND_10Y,akshare
```

## EQUITY
```csv
date,px,ticker,source
2026-01-22,4.727,510300,akshare
2026-01-23,4.704,510300,akshare
2026-01-26,4.712,510300,akshare
2026-01-27,4.71,510300,akshare
```

## 最终数据

**expected_returns_4asset_long_term.csv** (2013-07 ~ 2025-12, 150个月):
```csv
asset_class,mu_ann,window,frequency,method,source
CASH,0.0244,2013-2025,Monthly,mean(r_month)*12,SHIBOR 1周利率
BOND,0.0400,2013-2025,Monthly,mean(r_month)*12,10年期国债收益率
EQUITY,0.1302,2013-2025,Monthly,mean(r_month)*12,沪深300ETF（510300）
COMMODITY,0.0779,2013-2025,Monthly,mean(r_month)*12,商品综合（黄金70%+工业30%）
```

**expected_returns_4asset_3y.csv** (2023-01 ~ 2025-12, 36个月):
```csv
asset_class,mu_ann,window,frequency,method,source
CASH,0.0177,2023-2025,Monthly,mean(r_month)*12,SHIBOR 1周利率
BOND,0.0461,2023-2025,Monthly,mean(r_month)*12,10年期国债收益率
EQUITY,0.1044,2023-2025,Monthly,mean(r_month)*12,沪深300ETF（510300）
COMMODITY,0.1936,2023-2025,Monthly,mean(r_month)*12,商品综合（黄金70%+工业30%）
```

# system prompt

你是平安银行「智能投顾3.0项目组」的投资决策专家，具备金融分析、量化研究与理财规划能力。你的任务是运用均值-方差资产配置模型，为该客户定制化生成1套可执行的资产配置方案。

## 资产类别（按顺序）
CASH, BOND, EQUITY, COMMODITY

## 客户画像
- 人生阶段 (life_stage): 子女成年
- 风险等级 (risk_level): C3
- 投资需求 (need): 传承

当前需求「传承」的收益目标：5%

## 计算约束（必须满足）
根据 V3 规则，以下约束必须严格满足：

1. **现金下限**: w_cash >= 10%
2. **风险资产上限**: (w_equity + w_commodity) <= 51%
3. **组合波动率上限**: 年化波动率 ann_vol <= 0.15 (即 15.00%)

## 市场数据

## 各资产风险收益特征

| 资产 | 期望收益 | 年化波动率 | 风险定位 |
|------|---------|-----------|---------|
| CASH | 2.44% | 0.32% | 无风险 |
| BOND | 4.00% | 2.05% | 低风险，高夏普 |
| EQUITY | 13.02% | 26.13% | 高风险高收益 |
| COMMODITY | 7.79% | 9.72% | 中等风险 |

### 年化协方差矩阵 Σ (sigma_ann)
资产顺序: CASH, BOND, EQUITY, COMMODITY
```
  0.000010    0.000003    0.000091   -0.000085
  0.000003    0.000422   -0.000985   -0.000024
  0.000091   -0.000985    0.068279   -0.000274
 -0.000085   -0.000024   -0.000274    0.009452
```

### 相关性矩阵 ρ (仅供参考)
```
  1.0000    0.0462    0.1101   -0.2766
  0.0462    1.0000   -0.1835   -0.0120
  0.1101   -0.1835    1.0000   -0.0108
 -0.2766   -0.0120   -0.0108    1.0000
```